52522060259,
52992480886,
52992601779,
52412211151,
53021455600,
52522329423,
52522059869,
52470712881,
52410085736,
53126138403,
52419095505,
52989740624,
52410408524,
52470709401,
53125072392,
52409587537,
52992472731,
53011487570,
52408132936,
53125109872,
53008874464,
52992915073,
52411681252,
52992659414,
52522060269,
53008117362,
52992379706,
52406285035,
52992610859,
52419359960,
52996873045,
52423672149,
52479788914,
52991886892,
52989087187,
52992379991,
53011487085,
52992743480,
52408642253,
53127146247,
52991853447,
52406262460,
53127166297,
52522261865,
52992820100,
52471532229,
53128124475,
52996475621,
52989601886,
52992966970,
52408435398,
52996658279,
52471250488,
52992826535,
52406284935,
53128219133,
53127726641,
52418659816,
52521317987,
52471009594,
52989006842,
52521782906,
52422855567,
53127178172,
52992629674,
52405804476,
52995912682,
52522059969,
52521782791,
52522262035,
52992600861,
52481678812,
53127150717,
52412649020,
53127709716,
53125873874,
52522329583,
52423657639,
53128382568,
52412706653,
52408442798,
53126073425,
52992531489,
52992514721,
53125873974,
52419095510,
52408578110,
53127133997,
53126154488,
53126138338,
52992697439,
52992941483,
53128150270,
52408216234,
52989006907,
52991020975,
52989087007,
52432871954,
52471222798,
52409599912,
52989729344,
52406318103,
52992517764,
52408213694,
53127124937,
53128204455,
52412190786,
52412473984,
52522060179,
53125858664,
52406251705,
53127771536,
52410536670,
52423875138,
52521782816,
52992840158,
52993063083,
52521317697,
52407923761,
52995885072,
52992932953,
52418940409,
52989888029,
52408216164,
53125862009,
53125043942,
52479975140,
52418659961,
52429273147,
53128232043,
52992731520,
53021233809,
52412633985,
53125655231,
52470184462,
52992536956,
52422861517,
52995866152,
52410164916,
52992521244,
52412473914,
52991849557,
52990018860,
53125698416,
53126150098,
52989740419,
53128212743,
52471173405,
52407632752,
52479793599,
52412190776,
52422861467,
52430309993,
53127797551,
52522329738,
52992915123,
53125680041,
52991791917,
52406329885,
52409599812,
52423671529,
52408437948,
52522262060,
52992904390,
52410369004,
53128223608,
53125704421,
52423644079,
52992935838,
52991919202,
52521782841,
52471195605,
52996881355,
52992512611,
52992656089,
52410549625,
52410085441,
52988987817,
53127771356,
52990018645,
52992480981,
53127146257,
52470214957,
52410085316,
52522261615,
53125597546,
52992509881,
52429774136,
53125072567,
52407938326,
52521782856,
52992837120,
53126043395,
52423812825,
52992908783,
53011104971,
52407432132,
52992941463,
53128239565,
52992507306,
52992908743,
52992653954,
52991886877,
52412190786,
52991847117,
52992988788,
52408437883,
52409616867,
52991856222,
53127797176,
53127747586,
53126138348,
52434892577,
52471179780,
53126154368,
53125858604,
52407427242,
53127118867,
52991861427,
52992759250,
53127155172,
52406181489,
52410632503,
52408578450,
52990813249,
52412491834,
52471169690,
53127957944,
52522329603,
52522262045,
52992518099,
52991937607,
53125698411,
52410391034,
52992743600,
52408132836,
52992877205,
52992759260,
52522261780,
52989003387,
52992383756,
52479512141,
52992846100,
52470993639,
53128165885,
53125704451,
53020487442,
52992517874,
53008117657,
53125878229,

