51278877462 -errored,
52617833408 -errored,
52989651936 -errored,
53127747581,
52410593883,
52242861686,
52408439848,
52991937742,
52989003662,
52243516446,
53230765853,
53134286683,
52613303455,
53233197803,
52099139438,
51295956455,
53250123973,
52470993629,
52272211687,
52244156069,
52400473342,
52391166357,
53128139480,
52412187541,
51294206192,
52410368989,
51407490100,
51425107614,
53133819351,
52989740274,
53134183270,
52244234831,
52244297396 -- interrrupted,
52470262542,
52554273123,
52992400551,
52992941513,
51019532441,
52432871914,
51785514926,
52089366038,
52611268260,
52089624714,
50984052746,
51290115541,
51397607507,
52421626885,
53133804496,
51874009898,
52412477209,
52403505186,
52097731730,
50868009213,
52243754416,
50868021103,
52470983884,
52101571939,
51759813064,
52274336991,
51761503048,
52242038807,
51175990785,
52243515616,
52471161575,
51766029614,
52135723413,
50868002913,
53128750490,
51802668967,
52423850355,
51280994007,
51154426424,
52991913622,
51288806340,
51785749253,
52135875274,
51398360201,
52242803447,
50983347213,
52990071793,
52992515144,
51033650028,
52244098673,
52244748430,
52977317651,
52471399768,
52094980855,
52244234821,
52479512131,
52977462464,
52407923956,
51407490445,
52243198037,
52989053762,
52394599980,
51154426304,
52543900854,
51873936646,
52244360850,
52613242078,
52408478468,
52139087089,
52244262223,
51280966287,
51762086020,
51406780838,
52430311788,
52141594742,
52526184290,
52996649789,
52432090592,
51872972837,
53127942469,
52094717839,
52522141264,
52230358118,
52525684876,
52276019580,
52099372304,
51281706386,
51760431772,
51759167716,
51253208200,
52101332161,
51297064191,
52099636260,
52549517462,
51169176919,
51117060037,
52616842792,
52976682172,
52528705528,
52099319889,
52613257228,
52097232996,
51406510156,
53248939502,
51761537922,
52214421082,
52215785525,
52215907295,
52222877320,
52137830762,
51409470069,
51034382316,
52525212312,
52135646188,
52089624734,
52089359231,
51760256982,
52079797717,
52992452181,
51761911514,
50868816562,
51762021945,
53134002354,
52522261915,
52243515971,
52521318012 -irr?,
51799339868,
52405844651,
52611268100,
51169486290,
52139394815,
52992454911,
53134214830,
52244304416,
51280646545,
51399108199,
52089682699 ir?,
51295698734,
52221381257,
52991918992,
52243802569,
52612772131,
52243439168,
52992871315,
52091721266,
52087151571,
52244361345,
52243769108,
52243754426,
52089856860,
52611110879,
52409599812,
51295124008,
51874503865,
52611325360,
51872900162,
52233617003,
51167724452,
52392515405,
52394682803,
51793429092,
53133787281,
52100303577,
51873937473,
52215319233,
51874249834,
51401718022,
52977703605,
52139092149,
52235754639,
51794377561,
51405762732,
52239327809,
52613238128,
52100307627,
51762115255,
52097487454,
52977737043,
51282437454,
53133198212,
52526206438,
51101341988,
52101332206,
52243148344,
53249070662,
51760063355,
53128223583,
52244107338,
52470700576,
51873861941,
51398369991,
51766046384,
53127743096,
52154712428,
52611328638,
52995866152,
52410593868,
53258559745,
53127756732,
52394473244,
53134217595,
52089939240,
52613205648,
51766036649,
53134254688,
51766046394,
52493859474,
52996973598,
52099587280,
52235963210,
51281727361,
52239324884,
51759903315,
52420669437,
52410602838,
52408373170,
52238242563,
51786110004,
52989053192,
51406781053,
51397620467,
51398627813,
50868009228,
52521782771,
52992515314,
52992383756,
53134214775,
52101849855,
52242537602,
53126134853,
52992853515,
52244382154,
51295698734,
52405800636,
52099323974,
52525959264,
52215580358,
53263841095,
51874382060,
52479788914,
52530507971,
51397620557,
53249066977,
52406329038,
52610341872,
51407270114,
52403786404,
51281896713,
53233398065,
52989888029,
51873862181,
52617826238,
52101835815,
51154426404,
51759315016,
51411906399,
52244043289,
52101840175,
51291187670,
52977342396,
52226241594,
52977461659,
51061132496,
52243955376,
53128219128,
53127754247,
53125107012,
52418412957,
52215580014,
52992518099,
52977754918,
51872923682,
52423811690,
52977709050,
52412706643,
51175136798,
52410369004,
52216463417,
50879771311,
52470983934,
52235039184,
52139334880,
51867633586,
53127797551,
52990071823,
53257192227,
52154712348,
52992531489,
51874008763,
52552354150,
52992379706,
52392335393,
51759199836,
52535420918,
52244175021,
53258418399,
52394643000,
52554273058,
53250355035,
52087200918,
52990025893,
53258037126,
52110728548,
51874009008,
52992480886,
50868891248,
53125650901,
52099285708,
52422861467,
52402995697,
51304030305,
53126043395,
52989652016,
52612790266,
53233395070,
51089789307,
53128347376,
52610355217,
51761738284,
51872776677,
52992976043,
52227143602,
51761125516,
51169490360,
52217952155,
52976698812,
52522261935,
52543905804,
52244270950,
51409469619,
51874575515,
52228419614,
53137111561,
52244444640,
52612284267,
53133176857,
52235039229,
52243353850,
52136204190,
51794744344,
52214564892,
52215579994,
53127948909,
52611332113,
53134002404,
52135625711,
52977793988,
52139404010,
52537365880,
52134610117,
52991886877,
52228448591,
52266768104,
52988967397,
53133177122,
51874381945,
51406509966,
52991778892,
53021455600,
51297241648,
52525980409,
52546145769,
53146220735,
52097734570,
53126121668,
52992586539,
53134199530,
52244444635,
52408437883,
53134226390,
52489091504,
52394665135,
52611138649,
51874577220,
52992697954,
52238061117,
51766036079,
53128118735,
52418927151,
51874503405,
52990630656,
51295683064,
51786131829,
52136198130,
51297778719,
52135625301,
51289414882,
51251437527,
52101595634,
51874008823,
52091964664,
52526234178,
52101585014,
51878526652,
51796932873,
52423644079,
52099432224,
52470956869,
50879771366,
53133177142,
52408217899,
52522060144,
52522329663,
52989963470,
52136198005,
51874178944,
52990115040,
52139151279,
52226427170,
52411680907,
52543606401,
52233883194,
50868002903,
51175123918,
52257865649,
52098051177,
52404004883,
51295961920,
51872900497,
51794760459,
53128139590,
53128150315,
52989969890,
52522329423,
51759178221,
52100293777,
52977856485,
51759677014,
51765658243,
52138846826,
52152589606,
52221516416,
52617353541,
52526182060,
53127178392,
52405257502,
52216463422,
51174226017,
51874010933,
52110583248,
52989750404,
51434183171,
52406055284,
52244270920,
52215701679,
52405253247,
53134211355,
52244083761,
52423812825,
52992856500,
52992622309,
51280973482,
52252575357,
51167724432,
52991904997,
52989969675,
50868745573,
52393673692,
52405756061,
50868722081,
52989601886,
51295155193,
51796812871,
53277660892,
52418927331,
51873862601,
51291149060,
53247647738,
51407490125,
52222656514,
51398622208,
51169486375,
52235758004,
51763012615,
51759690739,
53133810916,
52522060094,
52227141097,
52402990072,
51761462453,
53128204415,
51287963533,
52243353870,
53243786897,
51398369831,
52101366501,
52234495952,
53133195652,
51406510106,
52222008110,
52244064129,
51761259756,
52231452759,
52522329563,
52087397844,
