51278877462 -errored,
52617833408 -errored,
52989651936 -errored,
53127747581,
52410593883,
52242861686,
52408439848,
52991937742,
52989003662,
52243516446,
53230765853,
53134286683,
52613303455,
53233197803,
52099139438,
51295956455,
53250123973,
52470993629,
52272211687,
52244156069,
52400473342,
52391166357,
53128139480,
52412187541,
51294206192,
52410368989,
51407490100,
51425107614,
53133819351,
52989740274,
53134183270,
52244234831,
52244297396 -- interrrupted,
52470262542,
52554273123,
52992400551,
52992941513,
51019532441,
52432871914,
51785514926,
52089366038,
52611268260,
52089624714,
50984052746,
51290115541,
51397607507,
52421626885,
53133804496,
51874009898,
52412477209,
52403505186,
52097731730,
50868009213,
52243754416,
50868021103,
52470983884,
52101571939,
51759813064,
52274336991,
51761503048,
52242038807,
51175990785,
52243515616,
52471161575,
51766029614,
52135723413,
50868002913,
53128750490,
51802668967,
52423850355,
51280994007,
51154426424,
52991913622,
51288806340,
51785749253,
52135875274,
51398360201,
52242803447,
50983347213,
52990071793,
52992515144,
51033650028,
52244098673,
52244748430,
52977317651,
52471399768,
52094980855,
52244234821,
52479512131,
52977462464,
52407923956,
51407490445,
52243198037,
52989053762,
52394599980,
51154426304,
52543900854,
51873936646,
52244360850,
52613242078,
52408478468,
52139087089,
52244262223,
51280966287,
51762086020,
51406780838,
52430311788,
52141594742,
52526184290,
52996649789,
52432090592,
51872972837,
53127942469,
52094717839,
52522141264,
52230358118,
52525684876,
52276019580,
52099372304,
51281706386,
51760431772,
51759167716,
51253208200,
52101332161,
51297064191,
52099636260,
52549517462,
51169176919,
51117060037,
52616842792,
52976682172,
52528705528,
52099319889,
52613257228,
52097232996,
51406510156,
53248939502,
51761537922,
52214421082,
52215785525,
52215907295,
52222877320,
52137830762,
51409470069,
51034382316,
52525212312,
52135646188,
52089624734,
52089359231,
51760256982,
52079797717,
52992452181,
51761911514,
50868816562,
51762021945,
53134002354,
52522261915,
52243515971,
52521318012 ir?,
52089682699 ir?,
51295698734,
52221381257,
52991918992,
52243802569,
52612772131,
52243439168,
