53277963552,
53278949319,
53279062860,
53279059630,
53277698657,
53277698602,
53278929624,
53278576671,
53279039700,
53277685022,
53279039625,
53278860773,
53278572866,
53278925919,
53278925914,
53278925894,
53278561001,
53278560976,
53278848623,
53277672972,
53279027935,
53279027925,
53278848458,
53277672817,
53277660597,
53272945051,
53271319063,
53271501525,
53271319048,
53271204889,
53271204884,
53271204874,
53270848456,
53269954667,
53269954657,
53269110275,
53268997044,
53268997039,
53268642141,
53267749717,
53269110240,
53269110235,
53268640316,
53267747737,
53267172940,
53266985653,
53266703046,
53266703041,
53266703031,
53265812597,
53265812587,
53264198960,
53263721601,
53263670838,
53263670823,
53262501852,
53263381821,
53263381816,
53262501767,
53263381776,
53263381606,
53263653548,
53263653538,
53262484472,
53263364261,
53262484437,
53262748709,
53262398471,
53262354856,
53262833380,
53262631468,
53260700517,
53261924340,
53261739553,
53261709263,
53261709238,
53260532907,
53261411961,
53261764719,
53261894240,
53261709113,
53260532762,
53260480852,
53261164925,
53261164895,
53261164785,
53261030734,
53261164530,
53261164520,
53260976568,
53260976543,
53259803242,
53259803237,
53259803232,
53259803212,
53259017803,
53258722166,
53257760312,
53258901394,
53259040020,
53258771129,
53258715723,
53258442414,
53258562805,
53258420569,
53258367418,
53258069866,
53258561785,
53258338393,
53258040946,
53257164517,
53257164512,
53257164497,
53258391399,
53258337733,
53258533665,
53258533655,
53258040386,
53258533615,
53258533580,
53258390654,
53258390604,
53258390594,
53257163672,
53258533445,
53250263703,
53250093728,
53248923052,
53250159374,
53250159364,
53249795186,
53250093633,
53249795156,
53247885240,
53247885230,
53247746579,
53247350796,
53247761410,
53247556783,
53246383277,
53247553898,
53247257401,
53247750820,
53245041894,
53245026564,
53243786497,
53245156585,
53244666786,
53244666781,
53244666776,
53243786412,
53239977868,
53240043674,
53239679821,
53239679791,
53238807602,
53239663681,
53240027809,
53240027804,
53239961628,
53239663656,
53238792152,
53239663636,
53239663631,
53232026007,
53232025997,
53233391295,
53232022662,
53232022657,
53233268344,
53233268339,
53232888676,
53232888671,
53230865194,
53230788173,
53230981290,
53230768753,
53230961995,
53230459761,
53150538207,
53151609163,
53150537142,
53150531912,
53139556611,
53139747599,
53139957450,
53140009933,
53138940297,
53140008803,
53139730579,
53138913682,
53138900857,
53139969973,
53139912490,
53138883272,
53138875832,
53139410171,
53139879758,
53139879733,
53139874648,
53139874553,
53139874543,
53139874533,
53139816625,
53139816620,
53139607384,
53139404626,
53139813520,
53139813355,
53138256374,
53137473929,
53137262961,
53137407614,
53135451798,
53134378077,
53134976666,
53135384640,
53134525218,
53134044361,
53134520548,
53133440902,
53134414470,
53134215199,
53134406745,
53134002356,
53134478868,
53134406740,
53134208294,
53133995601,
53133392397,
53133389277,
53133987496,
53134451513,
53134379930,
53134432488,
53134359790,
53133937461,
53134144644,
53134134644,
53134399973,
53134327930,
53134043779,
53134242995,
53134043774,
53134237540,
53133825971,
53134232395,
53133216612,
53134023559,
53134023549,
53134023544,
53134021059,
53128190418,
53126108928,
53125832349,
53025489216,
53025661364,
53025853370,
53025852710,
53024798362,
53016592338,
53016476465,
53015084877,
53016144763,
53016046975,
53014349835,
53014442503,
52997082136,
52997547278,
52996435652,
52996435557,
52997386265,
52997386250,
52996394637,
52996996231,
52617691694,
52616912342,
52617418256,
52617902883,
52612752031,
52554030374,
52528654375,
52528648090,
52525998754,
52526272903,
52526197310,
52525715541,
52526193495,
52526193490,
52525987669,
52525987269,
52525708551,
52525708486,
52522309590,
52494133868,
52489673681,
52488457827,
52488431267,
52489190829,
52488909251,
52488883486,
52488879316,
52489349290,
52489144604,
52489333950,
52488371182,
52489383533,
52489111314,
52489300850,
52485447993,
52484852436,
52485331253,
52485052174,
52484213856,
52479905584,
52480114678,
52475821028,
52474747537,
52475338584,
52475256899,
52475440550,
52471935008,
52470893617,
52471934683,
52471920543,
52471857288,
52471819718,
52435513031,
52434971087,
52435876330,
52435915983,
52434893107,
52433499953,
52432458557,
52433028964,
52432747856,
52430349640,
52425316222,
52425879100,
52425942538,
52422845532,
52423348621,
52422805412,
52421229691,
52418964371,
52418939921,
52419176218,
52419175788,
52412697715,
52412757633,
52412685120,
52412757528,
52412677110,
52412746738,
52412672615,
52412672610,
52412515844,
52412515834,
52412229436,
52412225446,
52412497094,
52412210686,
52412497059,
52412497054,
52412726593,
52412726528,
52411703317,
52412725218,
52412725203,
52412643335,
52412486394,
52412643245,
52412486214,
52412642530,
52412714843,
52412198981,
52411685342,
52412634525,
52412477599,
52412191286,
52412643335,
52412486394,
52412643245,
52412486214,
52412642530,
52412714843,
52412198981,
52411685342,
52412634525,
52412477599,
52412191286,
52411884515,
52411884415,
52411725579,
52410937697,
52411429396,
52266317612,
52259097410,
52258627263,
52258892824,
52258610726,
52259096560,
52257640887,
52258892334,
52257640832,
52257640692,
52257640657,
52257639977,
52258609611,
52258625013,
52259095230,
52258609351,
52258891164,
52258890194,
52259093625,
52258623403,
52257638197,
52259093530,
52258623243,
52258605551,
52258619868,
52257634592,
52259090205,
52259066860,
52258862479,
52258359195,
52257888273,
52258068109,
52257785311,
52257794283,
52256808042,
52257872179,
52257872174,
52256623992,
52258076890,
52258076885,
52257870634,
52257587166,
52257587151,
52258076850,
52256622342,
52258075050,
52258075045,
52257868764,
52257585191,
52256620512,
52256620507,
52258075000,
52257585136,
52258074170,
52257604708,
52256619597,
52257604693,
52257584146,
52257584091,
52258074075,
52256619477,
52257583351,
52257583076,
52258073085,
52257583036,
52257866739,
52256618377,
52256618287,
52258072970,
52257582836,
52258072300,
52258072295,
52256617507,
52258071465,
52257865094,
52257581471,
52257864464,
52257580906,
52258070675,
52257600898,
52257580546,
52257863519,
52257863509,
52257580171,
52257580161,
52257579836,
52257579771,
52257863114,
52257863064,
52257600048,
52257600023,
52257862464,
52257579256,
52258068695,
52257599228,
52257599218,
52257579026,
52256614107,
52257862254,
52255296421,
52255313818,
52254970458,
52254942326,
52253900749,
52254108840,
52254108820,
52253588883,
52247564229,
52246598296,
52246540373,
52247024270,
52245553512,
52246509446,
52246319548,
52246716125,
52246712830,
52246709270,
52246321665,
52244854622,
52244739457,
52243228057,
52243153583,
52242163647,
52222403386,
52222408828,
52159749183,
52154741288,
52142654968,
52142654598,
52142654443,
52141611722,
52142634571,
52142871559,
52142646138,
52136120260,
52135645433,
52111198625,
52110724933,
52110926509,
52110681746,
52110710273,
52110674026,
52110863384,
52110819864,
52086183792,
51887740388,
51886616472,
51887573776,
51887902359,
51886586042,
51887616038,
51887524651,
51887838479,
51886498242,
51886487312,
51888094750,
51883931951,
51884576200,
51884570845,
51882262944,
51882262599,
51876219105,
51872975242,
51873938821,
51874013208,
51874578430,
51874252434,
51874127029,
51800035075,
51799645764,
51799976830,
51799370288,
51799562894,
51798248507,
51799195636,
51799308018,
51798212892,
51798212687,
51797129743,
51797738105,
51797008956,
51794839879,
51794801424,
51794436331,
51795141535,
51794528838,
51794773334,
51788481975,
51786792962,
51787611511,
51788481895,
51787600501,
51785372862,
51786188981,
51787010685,
51786375658,
51786375643,
51786980505,
51786105011,
51786099966,
51786346498,
51785969356,
51786224663,
51785125267,
51786811190,
51786528839,
51785903011,
51786722555,
51786470009,
51786095628,
51786714710,
51785833921,
51786106629,
51785251206,
51785240166,
51786093340,
51785831844,
51785463233,
51785211361,
51785454613,
51785454598,
51785454578,
51785816324,
51785816239,
51784343762,
51782932366,
51783565074,
51782105067,
51783795405,
51783525099,
51777822720,
51777572149,
51777683450,
51775963422,
51776954238,
51776702556,
51775884752,
51776691586,
51776934858,
51777543875,
51775842712,
51774835233,
51775225419,
51775463095,
51775455410,
51775215999,
51775198659,
51775198244,
51775176164,
51774535056,
51775407175,
51774769203,
51775390695,
51774491731,
51773663877,
51774727828,
51774718933,
51769384892,
51771091470,
51769344877,
51770146306,
51770741579,
51770265339,
51770497235,
51769614326,
51769851303,
51769593206,
51769593101,
51770474675,
51769833118,
51768751392,
51770446060,
51770206784,
51770432765,
51764985572,
51764934187,
51766621315,
51765707676,
51764879817,
51764673162,
51765749343,
51766113779,
51765478876,
51765478871,
51765448116,
51766035574,
51759690184,
51434217716,
51435176505,
51425345825,
51411927349,
51408746771,
51408985683,
51409469409,
51407308709,
51406521686,
51407496325,
51407272229,
51397613447,
51303061116,
51302294532,
51303231998,
51304051800,
51302281672,
51302281197,
51303747569,
51303027591,
51297800714,
51297800694,
51287746341,
51281882523,
51281706701,
51175159878,
51118418840,
51090510290,
51061238147,
51061156051,
51034422776,
51034422751,
51034422776,
51034422751,
51033669723,
51034393556,
51032472481,
51022711681,
51019629147,
50937121921,
50870537548,
50870537543,
50725309336,
50725398082,
50724574668,
